iterations,bike,car,drive_transit,ride_hail,ride_hail_transit,walk,walk_transit
benchmark,0.0,79.99999999999999,2.9999999999999996,6.599999999999999,1.9999999999999996,3.999999999999999,4.399999999999999
0,0,66.86217008797654,6.64711632453568,20.527859237536656,0,1.270772238514174,4.69208211143695
1,0,65.92233009708738,5.87378640776699,20.0,0,1.8446601941747574,6.359223300970874
2,0,67.08799222168206,5.882352941176471,19.64025279533301,0,1.5070491006319884,5.882352941176471
3,0,66.53734238603298,5.965082444228904,18.525703200775947,0,1.9883608147429679,6.9835111542192045
4,0,66.37596899224806,5.717054263565892,18.507751937984494,0,1.8410852713178294,7.558139534883721
5,0,68.57976653696498,5.496108949416342,17.120622568093385,0,2.7237354085603114,6.07976653696498
6,0,68.34706737760543,5.477460009694619,16.674745516238488,0,2.2782355792535145,7.22249151720795
7,0,68.03118908382066,5.847953216374269,17.64132553606238,0,2.5828460038986356,5.896686159844054
8,0,68.70748299319727,5.1020408163265305,17.103984450923228,0,2.2837706511175897,6.802721088435374
9,0,69.22330097087378,5.631067961165049,16.310679611650485,0,2.087378640776699,6.747572815533981
10,0,69.63680387409201,5.084745762711864,15.39951573849879,0,2.711864406779661,7.167070217917676
11,0,69.12980068060281,6.076810889645114,15.653864851725814,0,2.5765678172095283,6.562955760816723
12,0,68.63218946350894,5.5582406959884,15.079748670855485,0,3.2382793620106334,7.49154180763654
13,0,70.68546426835196,5.785123966942149,14.681575109382596,0,2.6737967914438503,6.174039863879436
14,0,71.0590531966813,5.222059541239629,15.226939970717423,0,2.4890190336749636,6.002928257686676
15,0,70.85158150851582,4.817518248175182,15.279805352798054,0,2.5304136253041363,6.520681265206813
16,0,71.8172983479106,4.859086491739553,14.480077745383868,0,2.818270165208941,6.025267249757046
17,0,71.57484154071184,4.680643588493417,14.919551438322769,0,2.8278888347147735,5.997074597757192
18,0,74.16829745596868,3.9138943248532287,13.894324853228962,0,2.544031311154599,5.47945205479452
19,0,72.32796486090776,4.782820888238165,14.348462664714495,0,2.342606149341142,6.1981454367984385
20,0,72.17095677513356,4.419621175327829,13.890237979601748,0,2.6226323457989316,6.896551724137931
21,0,71.66504381694256,4.917234664070107,13.729308666017527,0,2.969814995131451,6.718597857838364
22,0,73.18982387475538,4.892367906066537,13.600782778864971,0,2.935420743639922,5.38160469667319
23,0,71.85978578383641,5.160662122687439,13.339824732229795,0,3.2132424537487827,6.426484907497565
24,0,72.01946472019465,4.817518248175182,13.236009732360097,0,3.065693430656934,6.861313868613139
25,0,73.33008288639688,4.24183325207216,12.676743052169673,0,3.6567528035104826,6.094588005850804
26,0,73.4733756717147,4.49438202247191,12.6038104543234,0,3.56619443087445,5.862237420615535
27,0,72.53281477880408,5.104521147301896,12.250850753524551,0,2.916869227029655,7.194944093339815
28,0,73.15403422982885,4.792176039119805,12.811735941320293,0,3.667481662591687,5.574572127139365
29,0,73.94057476863127,4.7247929858743305,11.690209449585971,0,3.5070628348757915,6.137359961032635
30,0,74.07407407407408,4.337231968810916,11.598440545808966,0,3.8499025341130606,6.140350877192983
31,0,74.73170731707317,4.7317073170731705,11.21951219512195,0,3.6097560975609757,5.7073170731707314
32,0,73.13505607020966,5.021940516821063,12.091662603607997,0,3.5104826913700635,6.240858117991224
33,0,73.64831953239162,4.237700925474915,12.27471992206527,0,3.3122260107160253,6.527033609352167
34,0,74.7800586510264,5.034213098729228,11.143695014662757,0,3.2746823069403717,5.767350928641251
35,0,73.90029325513197,4.594330400782014,11.730205278592376,0,3.763440860215054,6.011730205278592
36,0,74.1825280624695,5.124450951683748,11.127379209370424,0,3.5627135187896535,6.002928257686676
37,0,74.87781036168133,4.643206256109482,11.045943304007821,0,3.2746823069403717,6.158357771260997
38,0,73.76648754274548,4.396678065461651,11.62677088422081,0,3.517342452369321,6.692721055202735
39,0,74.30521696733301,4.778156996587031,11.019015114578254,0,3.364212579229644,6.533398342272062
40,0,74.40273037542661,5.021940516821063,10.433934666016578,0,3.803022915650902,6.338371526084837
41,0,74.51171875,5.56640625,10.546875,0,3.662109375,5.712890625
42,0,73.85365853658537,5.2682926829268295,10.926829268292684,0,4.0,5.951219512195122
43,0,74.76817959980478,4.880429477794046,11.029770619814544,0,3.5627135187896535,5.7589067837969745
44,0,74.36647173489278,4.580896686159844,11.306042884990253,0,3.460038986354776,6.286549707602339
45,0,74.54987834549878,4.671532846715328,10.316301703163017,0,3.6496350364963503,6.81265206812652
46,0,74.4140625,4.443359375,11.328125,0,3.80859375,6.005859375
47,0,74.53476983349657,4.75024485798237,10.871694417238002,0,4.113614103819785,5.729676787463271
48,0,74.70817120622569,4.474708171206226,10.505836575875486,0,3.8910505836575875,6.42023346303502
49,0,73.88349514563107,4.466019417475728,11.067961165048544,0,3.8349514563106797,6.747572815533981
50,0,75.37934410181106,4.503181595692609,10.866372980910425,0,3.866862457170827,5.384238864415076
51,0,74.6964545896066,4.905293831957261,9.61631860126275,0,3.9825157843613406,6.799417192812045
52,0,74.6964545896066,4.613890237979602,10.39339485186984,0,3.1083050024283634,7.18795531811559
53,0,74.21875,4.833984375,11.03515625,0,4.052734375,5.859375
54,0,74.42766682903068,4.968339016074038,10.618606916707257,0,3.7018996590355577,6.28348757915246
55,0,74.98776309348996,4.65002447381302,10.572687224669604,0,4.307391091532061,5.48213411649535
56,0,73.6944851146901,5.075646656905808,11.322596388482186,0,3.953147877013177,5.954123962908736
57,0,75.40185094982952,4.432537749634681,9.936678032148077,0,4.042864101315149,6.186069167072577
58,0,74.74452554744525,4.574209245742092,10.997566909975669,0,3.4549878345498786,6.228710462287105
59,0,75.89592538046146,4.369170348551791,10.309278350515465,0,3.8782523318605793,5.547373588610702
60,0,74.23283000487092,4.529956161714564,10.618606916707257,0,4.335119337554798,6.28348757915246
61,0,75.0,4.248046875,10.546875,0,3.80859375,6.396484375
62,0,76.82508574228319,4.164625183733464,9.603135717785399,0,4.311611954924057,5.095541401273885
63,0,75.87890625,4.150390625,9.9609375,0,3.955078125,6.0546875
64,0,75.48828125,4.150390625,10.546875,0,3.857421875,5.95703125
65,0,74.2439024390244,5.121951219512195,10.634146341463415,0,4.195121951219512,5.804878048780488
66,0,75.71008814887365,4.3095004897159646,10.186092066601372,0,4.06464250734574,5.729676787463271
67,0,75.11002444987776,4.841075794621027,10.17114914425428,0,4.49877750611247,5.378973105134475
68,0,76.11138251099169,4.250122129946263,9.672691744015633,0,4.005862237420615,5.9599413776257935
69,0,76.2278978388998,4.6660117878192535,10.216110019646365,0,4.3713163064833,4.518664047151277
70,0,73.72510927634774,4.905293831957261,10.199125789218067,0,4.468188440990772,6.702282661486159
71,0,75.72056668295066,4.592085979482169,9.477283829995114,0,4.6409379579872985,5.569125549584758
72,0,75.37934410181106,4.1116005873715125,10.572687224669604,0,4.307391091532061,5.628976994615761
73,0,76.02739726027397,4.109589041095891,10.078277886497064,0,4.4520547945205475,5.332681017612525
74,0,74.80544747081711,4.474708171206226,9.630350194552529,0,4.134241245136187,6.955252918287938
75,0,76.26040137053353,5.139500734214391,9.104258443465492,0,4.209495839451787,5.286343612334802
76,0,75.91597459697118,4.445530043966781,9.574987787005373,0,4.298974108451392,5.764533463605276
77,0,74.9147588894301,4.627374573794447,9.644422795908426,0,3.994154895275207,6.819288845591817
78,0,75.1219512195122,4.536585365853658,10.048780487804878,0,4.195121951219512,6.097560975609756
79,0,75.83170254403132,4.9412915851272015,9.29549902152642,0,4.158512720156556,5.772994129158513
80,0,75.47723935389133,4.601076847772883,10.083210964268233,0,4.258443465491924,5.580029368575624
81,0,75.59902200488997,3.765281173594132,10.464547677261614,0,4.49877750611247,5.67237163814181
82,0,74.7809152872444,4.8198636806231745,9.834469328140214,0,4.138266796494644,6.426484907497565
83,0,75.65853658536585,4.585365853658536,9.853658536585366,0,4.341463414634147,5.560975609756097
84,0,76.23713865752082,4.899559039686428,8.81920627143557,0,4.752572268495835,5.291523762861343
85,0,75.20701412566976,4.1889917194349735,9.839259620068193,0,4.578665367754506,6.186069167072577
86,0,76.74305216967333,4.583130180399805,8.581179912237932,0,4.290589956118966,5.802047781569966
87,0,76.50219833903273,4.7874938935026865,8.695652173913043,0,4.054714215925745,5.9599413776257935
88,0,75.98636142230882,4.529956161714564,9.839259620068193,0,4.09157330735509,5.552849488553337
89,0,76.22309197651663,4.060665362035225,9.686888454011742,0,4.549902152641879,5.47945205479452
90,0,75.96294490492443,4.24183325207216,9.556313993174061,0,4.729400292540224,5.509507557289127
91,0,76.10186092066601,4.4564152791381,9.79431929480901,0,4.6523016650342806,4.995102840352596
92,0,75.75462512171373,4.284323271665044,9.639727361246349,0,4.235637779941578,6.085686465433301
93,0,75.5859375,3.759765625,10.25390625,0,4.58984375,5.810546875
94,0,76.32093933463797,4.011741682974559,9.980430528375734,0,4.74559686888454,4.9412915851272015
95,0,76.73509286412512,3.763440860215054,9.3841642228739,0,4.643206256109482,5.474095796676441
96,0,76.6813942071674,4.270986745213549,9.621993127147766,0,4.614629356897398,4.810996563573883
97,0,76.0,4.682926829268292,9.365853658536585,0,4.585365853658536,5.365853658536586
98,0,76.60818713450293,3.508771929824561,9.25925925925926,0,4.483430799220273,6.140350877192983
99,0,76.66666666666667,4.607843137254902,9.607843137254902,0,4.46078431372549,4.6568627450980395
100,0,76.07843137254902,4.215686274509804,10.098039215686274,0,4.852941176470588,4.754901960784314
